#BASIS SET: (7s,4p,3d) -> [5s,4p,3d]
Li  S
    10.73316245077368     0.0546031957          0.0121121394           0    0    0
    8.143409290486451     0.15992151360877935  -0.18671820066783698    0    0    0
    4.666171938044344     0.27888821072560116  -0.19516622759929417    0    0    0
    0.5793780744404017   -0.060466285411668895  0.43692256413164815    0    0    0
    5.69360317322847     -0.001915717165373376  0.07411595112694844    1    0    0
    1.630079792824768    -0.09784498622126747  -0.5930688382152737     0    1    0
    0.08428749120885354  -0.07277791167214978  -0.4394669022360221     0    0    1
Li  P
    0.5793780744404017    1
Li  P
    5.69360317322847      1
Li  P
    1.630079792824768     1
Li  P
    0.08428749120885354   1
Li  D
    0.1198092908428942    1
Li  D
    4.964620438159246     1
Li  D
    1.0058177116087696    1
#BASIS SET: (6s,6p,3d,1f) -> [4s,4p,3d,1f]
Al  S
    3.7826083856505908     0.0027352701         0    0    0
    1.0167591302832117    -0.628387889241355    0    0    0
    0.26387957298649267    0.6303529520177307   0    0    0
    0.13670391309982127    1.073301143069844    1    0    0
    0.09393744208472547    0.1449608428178505   0    1    0
    1.0274173671655042     0.5075713791655575   0    0    1
Al  P
    3.7826083856505908     0.0044124453         0    0    0
    1.0167591302832117    -0.30205795174549477  0    0    0
    0.26387957298649267    1.4277064464341225   0    0    0
    0.13670391309982127   -0.16609992578168137  1    0    0
    0.09393744208472547    1.0173247620174002   0    1    0
    1.0274173671655042    -0.2952269917311592   0    0    1
Al  D
    1.0385230918266812       1
Al  D
    0.11703008542880955      1
Al  D
    0.1465395066195426       1
Al  F
    0.2805094940512684       1 
